#	X	Y
	0	90298.63039135844
	1	81396.45576018601
	2	73856.99504871639
	3	67394.85159076215
	4	61788.87175461819
	5	56893.19793743573
	6	52609.797061724115
	7	48862.815944219146
	8	45584.298650794284
	9	42709.82616680009
	10	40179.5775724094
	11	37940.730215658084
	12	35948.93373860842
	13	34168.32221622229
	14	32570.46015823983
	15	31132.83761443752
	16	29837.375724087815
	17	28669.179688152297
	18	27615.605185592238
	19	26665.61167921058
	20	25809.340460497613
	21	25037.852741284394
	22	24342.971993399387
	23	23717.19162448711
	24	23153.618404112938
	25	22645.93452886937
	26	22188.36781558341
	27	21775.66405876422
	28	21403.05860315952
	29	21066.246571616757
	30	20761.351686596263
	31	20484.894364463016
	32	20233.759363464676
	33	20005.16418788471
	34	19796.628637083908
	35	19605.945541025274
	36	19431.153713832235
	37	19270.512518453765
	38	19122.47856938955
	39	18985.68452055359
	40	18858.919906942167
	41	18741.11346451814
	42	18631.317737026424
	43	18528.694846226917
	44	18432.504087828067
	45	18342.09056096406
	46	18256.875369160563
	47	18176.346674159726
	48	18100.05183121167
	49	18027.590481870302
	50	17958.608284341135
	51	17892.791556608714
	52	17829.862401797796
	53	17769.57436517906
	54	17711.70890466486
	55	17656.071662178576
	56	17602.48998422728
	57	17550.810093263535
	58	17500.894792052866
	59	17452.62167502834
	60	17405.88114366827
	61	17360.574911734566
	62	17316.61485961884
	63	17273.921456335444
	64	17232.42308715005
	65	17192.05494102133
	66	17152.758256031455
	67	17114.479522354402
	68	17077.17002866322
	69	17040.785231228117
	70	17005.284217607288
	71	16970.629295173163
	72	16936.78595022866
	73	16903.721870699323
	74	16871.407375141163
	75	16839.814667914576
	76	16808.917876596577
	77	16778.6927541694
	78	16749.116456868273
	79	16720.16769156115
	80	16691.826240943225
	81	16664.072899498526
	82	16636.889677887317
	83	16610.259353602927
	84	16584.165560689387
	85	16558.592743548415
	86	16533.526000252165
	87	16508.9510662513
	88	16484.85440482023
	89	16461.222871868216
	90	16438.043969572995
	91	16415.30559171978
	92	16392.99623904103
	93	16371.104658977521
	94	16349.620038758887
	95	16328.532090143965
	96	16307.83078097941
	97	16287.506381983714
	98	16267.54954258276
	99	16247.951199710216
