#	X	Y
	1	16.906193709285553
	10001	4.40170946173164
	20001	2.3178871525772253
	30001	1.4082043512216755
	40001	0.9852255178409159
	50001	0.7728569126258957
	60001	0.6537036425996994
	70001	0.5776457951882835
	80001	0.5201358574708422
	90001	0.47607296030742485
	100001	0.43618091923426794
	110001	0.3996974258041889
	120001	0.3674398294045018
	130001	0.3398946349229578
	140001	0.3172334918174682
	150001	0.29915655979731354
	160001	0.2850510641436294
	170001	0.2741458017542813
	180001	0.265603452743381
	190001	0.2585579480916817
	200001	0.25227550044214
	210001	0.24629788736870387
	220001	0.24045846434867868
	230001	0.23477656574927622
	240001	0.22932256534562187
	250001	0.2241514278075341
	260001	0.21928829012848372
	270001	0.21475592416906467
	280001	0.21057672818835277
	290001	0.20676683889586575
	300001	0.20331896519177184
	310001	0.20022029975855127
	320001	0.19744274585479968
	330001	0.19495198733982647
	340001	0.19271664595146817
	350001	0.1906996565564952
	360001	0.1888772627931562
	370001	0.18721770608096552
	380001	0.18570866311345408
	390001	0.1843223759257088
	400001	0.18305703156768127
	410001	0.18189063604445768
	420001	0.1808209221062234
	430001	0.17984255509368083
	440001	0.17894544313154634
	450001	0.17812808194338375
	460001	0.17738661537428335
	470001	0.17671316800457743
	480001	0.17611081643391804
	490001	0.17557809458075616
	500001	0.17510086250587847
	510001	0.17467522175565087
	520001	0.17431076080645827
	530001	0.17399229856710993
	540001	0.17370967491718559
	550001	0.1734672388731647
	560001	0.17325253940827404
	570001	0.17305970227572262
	580001	0.1728903660331861
	590001	0.17272559843573088
	600001	0.17256403584826172
	610001	0.17240461449395617
	620001	0.1722406247336732
	630001	0.17206737576350445
	640001	0.1718823288287176
	650001	0.17168494980326973
	660001	0.17147226539210744
	670001	0.1712430286174008
	680001	0.17099980153185387
	690001	0.1707436839092566
	700001	0.17047593633200545
	710001	0.17019512533884656
	720001	0.16990882182082778
	730001	0.1696165214961949
	740001	0.16931643946050828
	750001	0.16901781189264029
	760001	0.16871913338175562
	770001	0.1684213886549424
	780001	0.16812968172150486
	790001	0.16784195186539969
	800001	0.1675617333723166
	810001	0.16729038903378618
	820001	0.16703172742460526
	830001	0.16678175257723526
	840001	0.16654846750520708
	850001	0.16632389398738778
	860001	0.16611469413341284
	870001	0.1659214682969886
	880001	0.16574094341831475
	890001	0.1655793079300364
	900001	0.1654322370299299
	910001	0.16530715352757314
	920001	0.16519147243333374
	930001	0.16509863374491773
	940001	0.1650252121547956
	950001	0.16496607479947256
	960001	0.164926292200768
	970001	0.16490367569604994
	980001	0.1649052701424714
	990001	0.16492095815008914
