#	X	Y
	1	1.0058443209917414
	101	1.0001756424031356
	201	0.9996800939197641
	301	0.9992059077434163
	401	0.9983903961647798
	501	0.9963574755811919
	601	0.9893713393935712
	701	0.9591240264703771
	801	0.8727083990475819
	901	0.7265049935866301
	1001	0.34120757326192575
	1101	0.19116919876326577
	1201	0.03468331867054886
	1301	0.021359925456003737
	1401	0.01524986225526348
	1501	0.011790577424484638
	1601	0.009577957887721311
	1701	0.008046376539414979
	1801	0.006924668723943483
	1901	0.006069939979216343
	2001	0.005397149410576674
	2101	0.004854667497255605
	2201	0.00440762265387562
	2301	0.004034097961302052
	2401	0.0037165218131356426
	2501	0.0034441380511402997
	2601	0.0032077926106666155
	2701	0.0030002619447238033
	2801	0.002817926902498158
	2901	0.0026550921454067122
	3001	0.002509468381155955
	3101	0.002379398936600552
	3201	0.0022600855799055353
	3301	0.0021533280092427276
	3401	0.0020548520314349616
	3501	0.0019648698328929015
	3601	0.001882831662118889
	3701	0.0018066686077027327
	3801	0.0017358310935122745
	3901	0.0016708466312493897
	4001	0.0016100547708930435
	4101	0.0015533269241103653
	4201	0.0015003704599294565
	4301	0.0014507006645061438
	4401	0.0014045590471063463
	4501	0.0013606231469118768
	4601	0.0013190945472310034
	4701	0.001280706205697868
	4801	0.0012441333165362778
	4901	0.0012091323543685917
	5001	0.0011762614983759079
	5101	0.0011452029855192336
	5201	0.001115591381267933
	5301	0.0010867939945065075
	5401	0.0010603265153008579
	5501	0.0010349838409275947
	5601	0.0010101958675150513
	5701	9.865294931366009E-4
	5801	9.646689993054736E-4
	5901	9.431175501433131E-4
	6001	9.223740329282748E-4
	6101	9.028465532487928E-4
	6201	8.839415191417288E-4
	6301	8.661388710820006E-4
	6401	8.488527852890115E-4
	6501	8.313945179949656E-4
	6601	8.157478694279519E-4
	6701	8.002898076178155E-4
	6801	7.854765783079642E-4
	6901	7.70622543388555E-4
	7001	7.563712374860643E-4
	7101	7.432320366014267E-4
	7201	7.304269697030463E-4
	7301	7.179039824372069E-4
	7401	7.052739387383156E-4
	7501	6.934551458925853E-4
	7601	6.822485851643023E-4
	7701	6.717137784448823E-4
	7801	6.608219485499944E-4
	7901	6.499787139944146E-4
	8001	6.397760888070536E-4
	8101	6.302447169481695E-4
	8201	6.211865237197856E-4
	8301	6.119202470564744E-4
	8401	6.023491106539325E-4
	8501	5.93645973854251E-4
	8601	5.854937097815593E-4
	8701	5.774308412647144E-4
	8801	5.69450050594611E-4
	8901	5.613355999543046E-4
	9001	5.533405973388028E-4
	9101	5.461186870903134E-4
	9201	5.393637121251516E-4
	9301	5.327103538270705E-4
	9401	5.255973652857904E-4
	9501	5.180257440891012E-4
	9601	5.114221815176734E-4
	9701	5.055944949106106E-4
	9801	4.999941126904162E-4
	9901	4.937635317716627E-4
	10001	4.873947659760347E-4
	10101	4.8146180805019867E-4
	10201	4.75620618804129E-4
	10301	4.700811397668758E-4
	10401	4.652011962100744E-4
	10501	4.5988421327791684E-4
	10601	4.545962660387204E-4
	10701	4.4939155353773685E-4
	10801	4.4438456004414206E-4
	10901	4.397011937058437E-4
	11001	4.349220873542947E-4
	11101	4.303049034675155E-4
	11201	4.258366137044334E-4
	11301	4.212138812142996E-4
	11401	4.165687049848543E-4
	11501	4.123583300277289E-4
	11601	4.0840953666432256E-4
	11701	4.041877115739112E-4
	11801	4.000504969852159E-4
	11901	3.959769770887078E-4
	12001	3.921383510956389E-4
	12101	3.8886092252710114E-4
	12201	3.8492922408650543E-4
	12301	3.809165982495699E-4
	12401	3.772451734711524E-4
	12501	3.7368311426533296E-4
	12601	3.7038640184405835E-4
	12701	3.671473929003355E-4
	12801	3.6347944406145416E-4
	12901	3.599590032621336E-4
	13001	3.5703220662597346E-4
	13101	3.541177569061915E-4
	13201	3.50873346992131E-4
	13301	3.473293758027296E-4
	13401	3.4439684367626455E-4
	13501	3.416977281887057E-4
	13601	3.390307871242726E-4
	13701	3.3593727357938974E-4
	13801	3.329781656624675E-4
	13901	3.297796421044552E-4
	14001	3.2724201018652366E-4
	14101	3.2473761321583083E-4
	14201	3.222097492177056E-4
	14301	3.19806295483005E-4
	14401	3.171259691328032E-4
	14501	3.139947744656979E-4
	14601	3.112759926047204E-4
	14701	3.0926897308702905E-4
	14801	3.0720368297920686E-4
	14901	3.050375831108454E-4
	15001	3.0259430333501314E-4
	15101	3.0005554194545425E-4
	15201	2.9732366444079616E-4
	15301	2.949322001057908E-4
	15401	2.927728420658582E-4
	15501	2.908650725039763E-4
	15601	2.8909486545813934E-4
	15701	2.8704954748093314E-4
	15801	2.848721313668534E-4
	15901	2.8269207408015973E-4
	16001	2.8032833473901064E-4
	16101	2.781133594318419E-4
	16201	2.762690709978699E-4
	16301	2.746055175073536E-4
	16401	2.7271006209161897E-4
	16501	2.7101247716032617E-4
	16601	2.6912160899783544E-4
	16701	2.6709948176062426E-4
	16801	2.650559307433298E-4
	16901	2.630273524246718E-4
	17001	2.6145979435909794E-4
	17101	2.599020060820578E-4
	17201	2.585995615120851E-4
	17301	2.568772115871809E-4
	17401	2.549098321011911E-4
	17501	2.5284978783446377E-4
	17601	2.510500178836139E-4
	17701	2.4960258338424524E-4
	17801	2.4815687581281054E-4
	17901	2.468145537051214E-4
	18001	2.4534831165468063E-4
	18101	2.4361996339905545E-4
	18201	2.419118751078031E-4
	18301	2.4036740439115079E-4
	18401	2.3875990185473484E-4
	18501	2.3748553168445596E-4
	18601	2.3624766091145943E-4
	18701	2.347966305968896E-4
	18801	2.332443100883097E-4
	18901	2.3169722821947403E-4
	19001	2.302952612360798E-4
	19101	2.2879296928834947E-4
	19201	2.2750454368747342E-4
	19301	2.2621129838640286E-4
	19401	2.2519296844336623E-4
	19501	2.2388241075432802E-4
	19601	2.2250062432505047E-4
	19701	2.212302667921051E-4
	19801	2.2011300326951755E-4
	19901	2.188228244257573E-4
	20001	2.1722552893521652E-4
	20101	2.1588088249657744E-4
	20201	2.1474444416824667E-4
	20301	2.137920057414533E-4
	20401	2.1272992288245973E-4
	20501	2.1143693449232615E-4
	20601	2.1014931877871845E-4
	20701	2.0900652224398186E-4
	20801	2.0789689888545126E-4
	20901	2.0688351865771892E-4
	21001	2.058132240065902E-4
	21101	2.046633285637256E-4
	21201	2.0332898260733145E-4
	21301	2.0234431192989177E-4
	21401	2.012283361132461E-4
	21501	2.000300362574592E-4
	21601	1.9909226384484668E-4
	21701	1.9810908662520887E-4
	21801	1.9730082649260794E-4
	21901	1.9627537142596907E-4
	22001	1.9538650659001178E-4
	22101	1.9432335316338367E-4
	22201	1.928983631103165E-4
	22301	1.9191573138144236E-4
	22401	1.9092806812182062E-4
	22501	1.901067613516716E-4
	22601	1.89498258777121E-4
	22701	1.8878791505372305E-4
	22801	1.8766882579512867E-4
	22901	1.8648040519408937E-4
	23001	1.854036224422373E-4
	23101	1.8444283309548837E-4
	23201	1.8359148760538346E-4
	23301	1.8276729717925377E-4
	23401	1.8210287164066585E-4
	23501	1.8157750129788042E-4
	23601	1.8057471193699826E-4
	23701	1.7948608594764437E-4
	23801	1.7839346067560768E-4
	23901	1.7742157448452645E-4
	24001	1.7679065273767947E-4
	24101	1.761150649493004E-4
	24201	1.7538305276332267E-4
	24301	1.7470430409005644E-4
	24401	1.7398608450847064E-4
	24501	1.7309649212648992E-4
	24601	1.719727069158239E-4
	24701	1.710414192217513E-4
	24801	1.7024014730182557E-4
	24901	1.6949484300710083E-4
	25001	1.6895196127464374E-4
	25101	1.6842163755725892E-4
	25201	1.6774790596585376E-4
	25301	1.668462137303095E-4
	25401	1.6611041181135988E-4
	25501	1.6534018956804175E-4
	25601	1.6445777603735223E-4
	25701	1.6372987461821253E-4
	25801	1.629695001241771E-4
	25901	1.6230573489650624E-4
	26001	1.617387104779766E-4
	26101	1.6123181604044134E-4
	26201	1.604575371665362E-4
	26301	1.5964750358676838E-4
	26401	1.5888856882639857E-4
	26501	1.58302966852375E-4
	26601	1.5756932744537266E-4
	26701	1.5691527398331573E-4
	26801	1.5613707360628837E-4
	26901	1.555246255406928E-4
	27001	1.5509078815867383E-4
	27101	1.5460837356684465E-4
	27201	1.5404670617158445E-4
	27301	1.5331062105161664E-4
	27401	1.5249199371680788E-4
	27501	1.5160063841079818E-4
	27601	1.510130999839987E-4
	27701	1.504776116583173E-4
	27801	1.500328115469074E-4
	27901	1.4956879225636044E-4
	28001	1.4916879068493927E-4
	28101	1.4838795781102476E-4
	28201	1.4763558722918901E-4
	28301	1.4685269145076063E-4
	28401	1.464165361433345E-4
	28501	1.4581175596362073E-4
	28601	1.4564898928171033E-4
	28701	1.4510995172400953E-4
	28801	1.4442655655244607E-4
	28901	1.4366906355078868E-4
	29001	1.430154617878543E-4
	29101	1.424729885748377E-4
	29201	1.4182125212869323E-4
	29301	1.4164921467241243E-4
	29401	1.411170808331974E-4
	29501	1.404375833296001E-4
	29601	1.3986695026702023E-4
	29701	1.3938121755430188E-4
	29801	1.3880606815774854E-4
	29901	1.3813196058976018E-4
	30001	1.3771710593246667E-4
	30101	1.375323233077097E-4
	30201	1.371987848273193E-4
	30301	1.3668170300107363E-4
	30401	1.3590607633773288E-4
	30501	1.3516142567482348E-4
	30601	1.345596878259414E-4
	30701	1.3419515625301415E-4
	30801	1.337702943189356E-4
	30901	1.3339534679701615E-4
	31001	1.3318239077264593E-4
	31101	1.326950693858464E-4
	31201	1.3224399176081647E-4
	31301	1.3163154899942242E-4
	31401	1.3101229426482064E-4
	31501	1.3048560194661718E-4
	31601	1.3009104768357815E-4
	31701	1.2959800232081875E-4
	31801	1.2910717879321965E-4
	31901	1.2857695265111602E-4
	32001	1.2819931908580884E-4
	32101	1.2786812724030483E-4
	32201	1.276737169924047E-4
	32301	1.27264261479354E-4
	32401	1.267814889622798E-4
	32501	1.2622498276826377E-4
	32601	1.256728458258749E-4
	32701	1.2516038787069306E-4
	32801	1.2455635773278573E-4
	32901	1.2418838910122076E-4
	33001	1.2386208803150112E-4
	33101	1.236224603218261E-4
	33201	1.233424402187211E-4
	33301	1.2314638412647128E-4
	33401	1.2272476806529653E-4
	33501	1.2224614872025086E-4
	33601	1.2167303971466481E-4
	33701	1.2109955374484116E-4
	33801	1.2047045158070091E-4
	33901	1.1988026172105037E-4
	34001	1.1946677811991435E-4
	34101	1.193129302450302E-4
	34201	1.191976889636237E-4
	34301	1.1892100762622704E-4
	34401	1.1869694355226557E-4
	34501	1.185153958687124E-4
	34601	1.1813770136370749E-4
	34701	1.1728984394920872E-4
	34801	1.1665213405720465E-4
	34901	1.16245866728093E-4
	35001	1.1593391766950845E-4
	35101	1.1556752250641011E-4
	35201	1.155577063371993E-4
	35301	1.1538585536641222E-4
	35401	1.1520424727962109E-4
	35501	1.1472753732988394E-4
	35601	1.14155498934565E-4
	35701	1.1354712330557959E-4
	35801	1.1303713377230906E-4
	35901	1.1242362096197667E-4
	36001	1.1220950882773195E-4
	36101	1.1212200911714376E-4
	36201	1.1213997181158675E-4
	36301	1.1204513377904846E-4
	36401	1.1173764879757186E-4
	36501	1.1128005303717714E-4
	36601	1.1080055000434186E-4
	36701	1.100428979299295E-4
	36801	1.093032136374461E-4
	36901	1.089002429424113E-4
	37001	1.0885938958438146E-4
	37101	1.0901368995774874E-4
	37201	1.0905255077631182E-4
	37301	1.0894169533415266E-4
	37401	1.0860718706240391E-4
	37501	1.080226805960649E-4
	37601	1.0726602505783944E-4
	37701	1.0671782687410314E-4
	37801	1.062442948551734E-4
	37901	1.0600347347988759E-4
	38001	1.0583583279810682E-4
	38101	1.057000415194409E-4
	38201	1.055354092898142E-4
	38301	1.0535310666526243E-4
	38401	1.0516132062221573E-4
	38501	1.0498062299291178E-4
	38601	1.0455987062840677E-4
	38701	1.0401416509253636E-4
	38801	1.0330644718692383E-4
	38901	1.0296812508059361E-4
	39001	1.0284072310895453E-4
	39101	1.0273185187159584E-4
	39201	1.0279684574143744E-4
	39301	1.0268979567484848E-4
	39401	1.0240862262733685E-4
	39501	1.0183706699251616E-4
	39601	1.0131553085912515E-4
	39701	1.0074646439761636E-4
	39801	1.0032165078399657E-4
	39901	1.0000114641428581E-4
	40001	1.0000844625324135E-4
	40101	1.0013457249868907E-4
	40201	1.0016624579378686E-4
	40301	1.0002502944672642E-4
	40401	9.959836865647276E-5
	40501	9.920830571275019E-5
	40601	9.873807710292226E-5
	40701	9.823176301893E-5
	40801	9.778536312765596E-5
	40901	9.744180917437006E-5
	41001	9.730182600620196E-5
	41101	9.724868496974182E-5
	41201	9.716922227553937E-5
	41301	9.7132571685421E-5
	41401	9.67654371208937E-5
	41501	9.650623423596016E-5
	41601	9.608409717287714E-5
	41701	9.573609274937667E-5
	41801	9.534282354550783E-5
	41901	9.511009794849201E-5
	42001	9.490939612888383E-5
	42101	9.47436297806803E-5
	42201	9.472734541660088E-5
	42301	9.446647775490646E-5
	42401	9.411626878730317E-5
	42501	9.383737199541997E-5
	42601	9.357467462933755E-5
	42701	9.334009734018878E-5
	42801	9.316763753020041E-5
	42901	9.285182395402103E-5
	43001	9.262390166853152E-5
	43101	9.23549994702455E-5
	43201	9.21630769177284E-5
	43301	9.191968094768299E-5
	43401	9.171093987347945E-5
	43501	9.1514598128839E-5
	43601	9.120825941977273E-5
	43701	9.096602366653883E-5
	43801	9.065072902103566E-5
	43901	9.029247943459495E-5
	44001	9.024814651326096E-5
	44101	9.01486315605382E-5
	44201	8.994754820434991E-5
	44301	8.975069266980995E-5
	44401	8.955440585367569E-5
	44501	8.924259032383475E-5
	44601	8.904649686769517E-5
	44701	8.876428399418046E-5
	44801	8.843901304089741E-5
	44901	8.824395807849328E-5
	45001	8.800661620256278E-5
	45101	8.786755471135166E-5
	45201	8.76971887748823E-5
	45301	8.753442536857392E-5
	45401	8.72670236198303E-5
	45501	8.709279622109989E-5
	45601	8.686068422392168E-5
	45701	8.657194746675145E-5
	45801	8.638806743377359E-5
	45901	8.608800631648705E-5
	46001	8.587538677673479E-5
	46101	8.571733794582315E-5
	46201	8.55051115031813E-5
	46301	8.544209131144953E-5
	46401	8.529316609795501E-5
	46501	8.508755495739706E-5
	46601	8.492572662532893E-5
	46701	8.467053137195535E-5
	46801	8.44876282179996E-5
	46901	8.434252096733985E-5
	47001	8.408543019200465E-5
	47101	8.382121741945525E-5
	47201	8.362280461682303E-5
	47301	8.336918341811383E-5
	47401	8.308212493446376E-5
	47501	8.288939645595406E-5
	47601	8.26821233381736E-5
	47701	8.24782889061737E-5
	47801	8.220584445339796E-5
	47901	8.203780274484984E-5
	48001	8.195575157543544E-5
	48101	8.189817286563539E-5
	48201	8.180699521531665E-5
	48301	8.170759670633743E-5
	48401	8.161019502850309E-5
	48501	8.149672759572013E-5
	48601	8.136601049812953E-5
	48701	8.095225089022051E-5
	48801	8.053737466440225E-5
	48901	8.027607611893472E-5
	49001	7.997395016445807E-5
	49101	7.977258028191159E-5
	49201	7.965721122360492E-5
	49301	7.96876237139088E-5
	49401	7.955652781177491E-5
	49501	7.93829089964504E-5
	49601	7.917173197569127E-5
	49701	7.905082582126965E-5
	49801	7.873348172893202E-5
	49901	7.851602267194835E-5
	50001	7.84711924417536E-5
	50101	7.85326394421304E-5
	50201	7.870994082992411E-5
	50301	7.865921746486038E-5
	50401	7.836439117525629E-5
	50501	7.789158580351341E-5
	50601	7.721512635683325E-5
	50701	7.669791754949529E-5
	50801	7.62793207691459E-5
	50901	7.59814053203911E-5
	51001	7.616105465757528E-5
	51101	7.63318647933886E-5
	51201	7.680025258949286E-5
	51301	7.718231083586602E-5
	51401	7.730448093212772E-5
	51501	7.696002072776764E-5
	51601	7.634394721733884E-5
	51701	7.547197041191112E-5
	51801	7.471095177180587E-5
	51901	7.424404990175049E-5
	52001	7.403614288392646E-5
	52101	7.436372912650313E-5
	52201	7.50593263703081E-5
	52301	7.58677990013723E-5
	52401	7.627700721712927E-5
	52501	7.626238456737156E-5
	52601	7.542157213791256E-5
	52701	7.36835460486418E-5
	52801	7.171396024574506E-5
	52901	7.037700292755744E-5
	53001	7.018158466465252E-5
	53101	7.134043550038882E-5
	53201	7.348640074411605E-5
	53301	7.604973879438148E-5
	53401	7.871208766019322E-5
	53501	8.170805509521983E-5
	53601	8.36622478388449E-5
	53701	8.150571052922828E-5
	53801	7.25572321194079E-5
	53901	6.002849313802017E-5
	54001	4.881709061521633E-5
	54101	4.119405680924615E-5
	54201	3.780654144591722E-5
	54301	4.183992288631089E-5
	54401	7.584850580499847E-5
	54501	2.5515716406587785E-4
	54601	5.589935729695128E-4
	54701	4.7878271587364907E-4
	54801	1.9974746524553666E-4
	54901	7.350348580814625E-5
	55001	3.4789000579849017E-5
	55101	2.271854417656982E-5
	55201	1.8529564346891902E-5
	55301	1.6934394793111096E-5
	55401	1.6258259282864174E-5
	55501	1.603626699875349E-5
	55601	1.615802655763332E-5
	55701	1.676369999259464E-5
	55801	1.8514947015546568E-5
	55901	2.3597685725462725E-5
	56001	3.962177207483819E-5
	56101	8.848087279034189E-5
	56201	1.8186758458682561E-4
	56301	2.3328533606559176E-4
	56401	2.2874363526526054E-4
	56501	1.837143482426029E-4
	56601	1.2342847323409956E-4
	56701	8.091986329361589E-5
	56801	5.6854320391153124E-5
	56901	4.411850037300269E-5
	57001	3.796646669229631E-5
	57101	3.581551662890092E-5
	57201	3.6931712983800935E-5
	57301	4.16209269076262E-5
	57401	5.1212252529353464E-5
	57501	6.796660268548749E-5
	57601	9.317257644525512E-5
	57701	1.2275648349557855E-4
	57801	1.4626842406073592E-4
	57901	1.5320075107183584E-4
	58001	1.418931036631932E-4
	58101	1.19405769183345E-4
	58201	9.595286891794785E-5
	58301	7.758886122033459E-5
	58401	6.504173941834779E-5
	58501	5.7590308774280174E-5
	58601	5.428534383966621E-5
	58701	5.458148732273571E-5
	58801	5.831534724975995E-5
	58901	6.576908272748483E-5
	59001	7.707381608668129E-5
	59101	9.144391860615997E-5
	59201	1.0645058891967096E-4
	59301	1.1788112690069852E-4
	59401	1.2183378429497793E-4
	59501	1.1722952531911801E-4
	59601	1.0659519815092722E-4
	59701	9.386579890247049E-5
	59801	8.231566048166883E-5
	59901	7.342932305220984E-5
	60001	6.754282885879093E-5
	60101	6.481060714236264E-5
	60201	6.485943305634123E-5
	60301	6.752426616074558E-5
	60401	7.271300920308477E-5
	60501	8.000167984789641E-5
	60601	8.858976518766326E-5
	60701	9.717693277266903E-5
	60801	1.0333326689604405E-4
	60901	1.0547502459701263E-4
	61001	1.0327336848447999E-4
	61101	9.746131192756025E-5
	61201	9.019373054286461E-5
	61301	8.300294831897759E-5
	61401	7.704050618784208E-5
	61501	7.277757761414705E-5
	61601	7.055574972980594E-5
	61701	7.04219200891032E-5
	61801	7.217228061051628E-5
	61901	7.556000506170335E-5
	62001	8.033591813116914E-5
	62101	8.574744190426031E-5
	62201	9.074251676111089E-5
	62301	9.43336894465574E-5
	62401	9.577051440956552E-5
	62501	9.464560050176374E-5
	62601	9.141261348588614E-5
	62701	8.714228370720889E-5
	62801	8.25561807751285E-5
	62901	7.852068083380459E-5
	63001	7.547164952370622E-5
	63101	7.37287030752043E-5
	63201	7.336128884460891E-5
	63301	7.437002227916878E-5
	63401	7.652620429610124E-5
	63501	7.959248583233602E-5
	63601	8.293204903964124E-5
	63701	8.601652977802132E-5
	63801	8.829176765701163E-5
	63901	8.930534410467317E-5
	64001	8.894167725159718E-5
	64101	8.712247580788812E-5
	64201	8.455204159929508E-5
	64301	8.184971206404157E-5
	64401	7.89498723889892E-5
	64501	7.679304458818592E-5
	64601	7.531439500851889E-5
	64701	7.462880792630244E-5
	64801	7.507898030567617E-5
	64901	7.629545811838057E-5
	65001	7.802642261722781E-5
	65101	8.030515447288167E-5
	65201	8.24085402406638E-5
	65301	8.406130543292534E-5
	65401	8.492726665565442E-5
	65501	8.495352884096974E-5
	65601	8.410880895226569E-5
	65701	8.262872022157808E-5
	65801	8.06564348891925E-5
	65901	7.866519305821384E-5
	66001	7.690043992525375E-5
	66101	7.564271622584329E-5
	66201	7.493867652286212E-5
	66301	7.487467459554864E-5
	66401	7.540854117848994E-5
	66501	7.650106072176754E-5
	66601	7.807300669071537E-5
	66701	7.968469990160543E-5
	66801	8.092002420667654E-5
	66901	8.189084086396292E-5
	67001	8.218389608316556E-5
	67101	8.169817229486398E-5
	67201	8.07531023951924E-5
	67301	7.930902770070247E-5
	67401	7.767910021527769E-5
	67501	7.632698023485318E-5
	67601	7.536711415312425E-5
	67701	7.484668228130431E-5
	67801	7.466700994385178E-5
	67901	7.487487521018465E-5
	68001	7.530497275354264E-5
	68101	7.618431179423624E-5
	68201	7.71069449854167E-5
	68301	7.794570914043675E-5
	68401	7.866459425542871E-5
	68501	7.898189912225462E-5
	68601	7.894281802478531E-5
	68701	7.858996889709147E-5
	68801	7.802717474092447E-5
	68901	7.716072310870459E-5
	69001	7.627440903945626E-5
	69101	7.541781680231452E-5
	69201	7.46970718665807E-5
	69301	7.426424510015295E-5
	69401	7.425264550775523E-5
	69501	7.438511039481455E-5
	69601	7.484800784141044E-5
	69701	7.516425481313149E-5
	69801	7.557795869672645E-5
	69901	7.603479764384247E-5
	70001	7.622990509048577E-5
	70101	7.633435474829753E-5
	70201	7.634860214977834E-5
	70301	7.617855239061555E-5
	70401	7.576911328044389E-5
	70501	7.536572145738774E-5
	70601	7.500387738446079E-5
	70701	7.454035628029487E-5
	70801	7.408879493198128E-5
	70901	7.370175433507598E-5
	71001	7.345559632199183E-5
	71101	7.332092863876483E-5
	71201	7.330953831186093E-5
	71301	7.338844889659413E-5
	71401	7.370947351503787E-5
	71501	7.391409633683566E-5
	71601	7.420700157467763E-5
	71701	7.440536541380993E-5
	71801	7.445035512887443E-5
	71901	7.439323051983138E-5
	72001	7.42571865401942E-5
	72101	7.399086956638712E-5
	72201	7.369993686268117E-5
	72301	7.330444479691778E-5
	72401	7.28097269728778E-5
	72501	7.251373652650273E-5
	72601	7.226020822770352E-5
	72701	7.200323267753106E-5
	72801	7.19872309851155E-5
	72901	7.210636916354929E-5
	73001	7.23920218241858E-5
	73101	7.255526412563995E-5
	73201	7.272207737685221E-5
	73301	7.298576615610841E-5
	73401	7.307319555494018E-5
	73501	7.29732456079546E-5
	73601	7.279874039411993E-5
	73701	7.260294374589193E-5
	73801	7.224736487287942E-5
	73901	7.178652115058526E-5
	74001	7.131636013468778E-5
	74101	7.104070593300094E-5
	74201	7.084481772778872E-5
	74301	7.072577061251195E-5
	74401	7.067362047052939E-5
	74501	7.075261763134222E-5
	74601	7.081781433626588E-5
	74701	7.104535943369683E-5
	74801	7.119087164042526E-5
	74901	7.135889873666201E-5
	75001	7.13940189065454E-5
	75101	7.13367488920369E-5
	75201	7.119580719816554E-5
	75301	7.108959457013952E-5
	75401	7.091893520794201E-5
	75501	7.056255859083649E-5
	75601	7.023474353573533E-5
	75701	6.996181089746756E-5
	75801	6.96682437570928E-5
	75901	6.959969994113635E-5
	76001	6.954295174921299E-5
	76101	6.957387524053615E-5
	76201	6.959346454848969E-5
	76301	6.96553988461801E-5
	76401	6.975825622035359E-5
	76501	6.988072584590554E-5
	76601	6.993552084466614E-5
	76701	6.989186019268345E-5
	76801	6.979725347733279E-5
	76901	6.964291974043135E-5
	77001	6.950255530568938E-5
	77101	6.921531438308648E-5
	77201	6.899751168987223E-5
	77301	6.865696807167865E-5
	77401	6.852044676008973E-5
	77501	6.847606129056771E-5
	77601	6.850324398399721E-5
	77701	6.849398046426813E-5
	77801	6.84689570817909E-5
	77901	6.850907460886901E-5
	78001	6.854905200626149E-5
	78101	6.853963722974754E-5
	78201	6.850283422821235E-5
	78301	6.840677578168197E-5
	78401	6.837886841992713E-5
	78501	6.829695067622765E-5
	78601	6.805505326212824E-5
	78701	6.794721034353302E-5
	78801	6.77379835423153E-5
	78901	6.748874281825579E-5
	79001	6.731197018439161E-5
	79101	6.735827391324278E-5
	79201	6.736404021978615E-5
	79301	6.73648151980899E-5
	79401	6.74194886194357E-5
	79501	6.745641562133642E-5
	79601	6.747845791110763E-5
	79701	6.730902317997334E-5
	79801	6.726554639158167E-5
	79901	6.716419199293E-5
	80001	6.698492219925356E-5
	80101	6.684695928527162E-5
	80201	6.667693981299294E-5
	80301	6.647105286461397E-5
	80401	6.643054110000435E-5
	80501	6.633297951452732E-5
	80601	6.621292326158823E-5
	80701	6.608847783695637E-5
	80801	6.595626841843227E-5
	80901	6.612286017926294E-5
	81001	6.606286542876205E-5
	81101	6.609799862999921E-5
	81201	6.62097892671909E-5
	81301	6.62364986148134E-5
	81401	6.623732967625529E-5
	81501	6.625728273945697E-5
	81601	6.608627113635634E-5
	81701	6.598048135231238E-5
	81801	6.578809943391661E-5
	81901	6.558683119806119E-5
	82001	6.536257026823478E-5
	82101	6.502986827072732E-5
	82201	6.486309471043228E-5
	82301	6.478052455705097E-5
	82401	6.472597735296404E-5
	82501	6.469102449102593E-5
	82601	6.471781748373928E-5
	82701	6.470513030265579E-5
	82801	6.480108577022747E-5
	82901	6.490533424496903E-5
	83001	6.513520267859008E-5
	83101	6.5116729576431E-5
	83201	6.516981640913855E-5
	83301	6.504093686032775E-5
	83401	6.46872136549348E-5
	83501	6.449340473935194E-5
	83601	6.418044549150181E-5
	83701	6.40116171304328E-5
	83801	6.387232166460421E-5
	83901	6.382355801193285E-5
	84001	6.375888293419507E-5
	84101	6.366594359974442E-5
	84201	6.36492090251295E-5
	84301	6.36032966703226E-5
	84401	6.359738897643297E-5
	84501	6.352098168704856E-5
	84601	6.360891036649718E-5
	84701	6.36355528911281E-5
	84801	6.368443972704085E-5
	84901	6.37753438645916E-5
	85001	6.372969025747466E-5
	85101	6.369344319878678E-5
	85201	6.370123209720191E-5
	85301	6.346432485671016E-5
	85401	6.320726105357721E-5
	85501	6.303469084301128E-5
	85601	6.277942472365794E-5
	85701	6.258323996632953E-5
	85801	6.237081158033675E-5
	85901	6.221410805551386E-5
	86001	6.219670260065868E-5
	86101	6.220474365647988E-5
	86201	6.221654648186359E-5
	86301	6.235539760268693E-5
	86401	6.251834983928006E-5
	86501	6.263002877915369E-5
	86601	6.271868869944797E-5
	86701	6.276171193064783E-5
	86801	6.273436524750764E-5
	86901	6.253244508869216E-5
	87001	6.231457924243955E-5
	87101	6.203633596513214E-5
	87201	6.167106669252576E-5
	87301	6.146206708379509E-5
	87401	6.127341345063542E-5
	87501	6.120373682350078E-5
	87601	6.132197307806564E-5
	87701	6.134226922327457E-5
	87801	6.150579237740317E-5
	87901	6.145845054561505E-5
	88001	6.147822179869422E-5
	88101	6.149229179541749E-5
	88201	6.148151142681968E-5
	88301	6.145857415162936E-5
	88401	6.130357653333363E-5
	88501	6.12939392823364E-5
	88601	6.123343473873888E-5
	88701	6.10594018048971E-5
	88801	6.097621482581417E-5
	88901	6.083541775936396E-5
	89001	6.068570980133359E-5
	89101	6.049294970367214E-5
	89201	6.048855809126508E-5
	89301	6.036622170668693E-5
	89401	6.038148109510644E-5
	89501	6.022984975473378E-5
	89601	6.023814140121431E-5
	89701	6.019379682697945E-5
	89801	6.023706342261903E-5
	89901	6.019394142242618E-5
	90001	6.029691428821593E-5
	90101	6.027684591813909E-5
	90201	6.027587942369905E-5
	90301	6.0182460259738946E-5
	90401	6.017262828095227E-5
	90501	6.00053254231625E-5
	90601	5.995662516511402E-5
	90701	5.984466038810865E-5
	90801	5.967842742293783E-5
	90901	5.947516291726629E-5
	91001	5.942044360907062E-5
	91101	5.925873527701242E-5
	91201	5.9267812943630815E-5
	91301	5.9266404122126914E-5
	91401	5.9213523432077864E-5
	91501	5.92133174279752E-5
	91601	5.924548121072348E-5
	91701	5.915577265014349E-5
	91801	5.9180593130037096E-5
	91901	5.9140417292269376E-5
	92001	5.903428240117137E-5
	92101	5.89128532801908E-5
	92201	5.885487746937201E-5
	92301	5.882927658618087E-5
	92401	5.8738797491741934E-5
	92501	5.861249343297459E-5
	92601	5.8520170043152575E-5
	92701	5.844074918925912E-5
	92801	5.842503563613377E-5
	92901	5.839620898839826E-5
	93001	5.8408707975132756E-5
	93101	5.830093661529645E-5
	93201	5.823231181878441E-5
	93301	5.812620332790175E-5
	93401	5.804607911841231E-5
	93501	5.805573781003659E-5
	93601	5.8066721010163747E-5
	93701	5.7988083572269034E-5
	93801	5.797714749533611E-5
	93901	5.8036282609919E-5
	94001	5.79390504391597E-5
	94101	5.7815600797539446E-5
	94201	5.775266957641634E-5
	94301	5.768673837636129E-5
	94401	5.7562115657106006E-5
	94501	5.758816695689006E-5
	94601	5.7480747120308706E-5
	94701	5.73454448016264E-5
	94801	5.733491575199423E-5
	94901	5.728586978648309E-5
	95001	5.7161855668397266E-5
	95101	5.712305427607589E-5
	95201	5.698614362259491E-5
	95301	5.697350018252223E-5
	95401	5.698995257219508E-5
	95501	5.6952916470009995E-5
	95601	5.693899345615705E-5
	95701	5.696778427477511E-5
	95801	5.69679921547106E-5
	95901	5.6955749744957984E-5
	96001	5.694938962008678E-5
	96101	5.684893199031649E-5
	96201	5.67942439744229E-5
	96301	5.663428795799064E-5
	96401	5.647727634894295E-5
	96501	5.633600068222222E-5
	96601	5.614439021428552E-5
	96701	5.603417354294038E-5
	96801	5.6007961877213575E-5
	96901	5.594219119942068E-5
	97001	5.598019744823546E-5
	97101	5.6017662760865505E-5
	97201	5.6069879647679954E-5
	97301	5.613789343783537E-5
	97401	5.614329663572448E-5
	97501	5.6198208529423255E-5
	97601	5.61853154756875E-5
	97701	5.6148945152045826E-5
	97801	5.6030968892173405E-5
	97901	5.5827116241857766E-5
	98001	5.570084225681171E-5
	98101	5.551007574311484E-5
	98201	5.5401178030933806E-5
	98301	5.536889995028105E-5
	98401	5.53354909307302E-5
	98501	5.520464787878154E-5
	98601	5.514894732527864E-5
	98701	5.5106414453831576E-5
	98801	5.514602682410441E-5
	98901	5.509720604379709E-5
	99001	5.5143459078976775E-5
	99101	5.5079086365594776E-5
	99201	5.5165438993753924E-5
	99301	5.51539325357453E-5
	99401	5.5058838555055445E-5
	99501	5.5090609137664615E-5
	99601	5.503299993847577E-5
	99701	5.499228304373105E-5
	99801	5.4847564626925305E-5
	99901	5.474418427198202E-5
